ID	|V|	|E|	tw	time	evaltw	prunenum	funccallnum	evalGNNtime
    0	34	561	33.0	TimeOut
    1	29	169	16.0	5.615042209625244	15	15	141	5.508987903594971
    2	31	58	2.0	111.83353734016418	2	21	3638	91.5304446220398
    3	48	455	32.0	28.381814002990723	24	25	625	27.28779411315918
    4	41	378	23.0	20.903127670288086	21	21	481	20.18385410308838
    5	37	593	31.0	TimeOut
    6	34	154	16.0	TimeOut
    7	34	558	32.0	TimeOut
    8	37	232	18.0	3.788562536239624	19	19	91	3.7025625705718994
    9	29	100	9.0	TimeOut
   10	13	32	5.0	41.860816955566406	4	9	4070	39.79305696487427
   11	17	42	3.0	63.20523643493652	3	12	4106	58.20698618888855
   12	29	82	10.0	TimeOut
   13	36	603	31.0	TimeOut
   14	39	290	21.0	10.062390089035034	20	20	229	9.79005241394043
   15	46	528	22.0	TimeOut
   16	41	221	20.0	1.6444778442382812	21	21	41	1.6189706325531006
   17	44	448	25.0	TimeOut
   18	25	144	14.0	5.179141283035278	13	13	133	5.092074871063232
   19	32	443	27.0	TimeOut
   20	16	48	6.0	258.8955776691437	5	11	31451	239.994042634964
   21	37	399	28.0	TimeOut
   22	38	297	20.0	12.940804719924927	19	20	343	12.573073148727417
   23	23	222	19.0	TimeOut
   24	45	416	26.0	19.214387893676758	23	23	419	18.544975519180298
   25	45	486	25.0	TimeOut
   26	43	780	37.0	TimeOut
   27	48	351	26.0	14.33596158027649	24	25	313	13.878632545471191
   28	10	22	4.0	6.868420839309692	3	7	492	6.662142515182495
   29	44	108	13.0	TimeOut
   30	16	116	14.0	TimeOut
   31	40	566	33.0	TimeOut
   32	37	252	20.0	9.155467748641968	19	19	217	8.930795192718506
   33	17	24	3.0	38.78673696517944	3	14	2701	36.23395752906799
   34	14	47	8.0	128.46969270706177	5	12	15311	120.78931498527527
   35	13	31	5.0	43.60176992416382	4	9	4138	41.509159564971924
   36	4	4	2.0	0.2725191116333008	2	5	10	0.2713346481323242
   37	29	70	8.0	TimeOut
   38	43	290	26.0	11.138799667358398	22	22	253	10.821741342544556
   39	46	304	8.0	TimeOut
   40	38	93	10.0	TimeOut
   41	47	226	22.0	TimeOut
   42	12	11	1.0	2.1972849369049072	1	8	93	2.140277862548828
   43	19	110	11.0	7.348909139633179	10	3	224	7.050577402114868
   44	33	210	16.0	19.46440052986145	17	2	532	18.7723331451416
   45	12	29	5.0	24.038201332092285	3	11	1835	23.025391817092896
   46	15	33	6.0	102.38003444671631	4	11	9555	96.28996157646179
   47	39	248	8.0	TimeOut
   48	15	105	14.0	1202.6609041690826	14	0	245761	1121.7343170642853
   49	10	19	4.0	7.846554279327393	3	7	564	7.618484020233154
   50	34	205	19.0	20.591261625289917	17	5	551	19.682811975479126
   51	33	394	27.0	TimeOut
   52	33	116	13.0	TimeOut
   53	16	39	4.0	32.96225929260254	3	13	2237	30.615755319595337
   54	36	299	20.0	15.301595211029053	18	19	361	14.875478506088257
   55	18	138	14.0	730.8039307594299	9	7	109947	658.151757478714
   56	29	187	18.0	7.243612051010132	15	15	183	7.095170259475708
   57	34	208	8.0	TimeOut
   58	19	171	18.0	TimeOut
   59	38	682	34.0	TimeOut
   60	18	152	16.0	TimeOut
   61	44	809	38.0	TimeOut
   62	46	202	21.0	TimeOut
   63	43	352	24.0	17.730002880096436	22	22	400	17.161441326141357
   64	41	223	17.0	TimeOut
   65	39	741	38.0	TimeOut
   66	17	99	12.0	2.342392683029175	9	9	65	2.3138537406921387
   67	18	116	13.0	5.913512706756592	9	10	169	5.704172372817993
   68	48	157	16.0	TimeOut
   69	27	351	26.0	TimeOut
   70	36	606	32.0	TimeOut
   71	27	92	10.0	TimeOut
   72	13	23	4.0	23.565181016921997	3	10	1599	22.52953004837036
   73	12	11	1.0	2.307448625564575	1	8	93	2.249906539916992
   74	30	73	6.0	TimeOut
   75	39	378	20.0	TimeOut
   76	28	49	6.0	TimeOut
   77	10	17	3.0	7.531126976013184	3	7	522	7.323444128036499
   78	45	164	4.0	TimeOut
   79	47	316	26.0	14.242341041564941	24	24	323	13.807244300842285
   80	30	81	9.0	TimeOut
   81	43	306	9.0	TimeOut
   82	23	231	20.0	TimeOut
   83	31	220	17.0	8.546781063079834	16	16	211	8.360893726348877
   84	37	377	27.0	TimeOut
   85	26	74	9.0	TimeOut
   86	47	510	27.0	63.270304441452026	24	24	1398	46.18231463432312
   87	14	40	4.0	60.98536920547485	4	10	5845	57.42015242576599
   88	39	741	38.0	TimeOut
   89	12	64	10.0	13.902733564376831	6	5	1612	13.429622173309326
   90	37	101	9.0	TimeOut
   91	23	72	10.0	TimeOut
   92	39	378	20.0	TimeOut
   93	18	23	3.0	163.02699613571167	3	15	14854	152.14347219467163
   94	14	65	9.0	2.0514183044433594	7	8	57	2.032175302505493
   95	34	280	17.0	TimeOut
   96	25	150	12.0	7.968427658081055	13	13	206	7.746227264404297
   97	17	43	7.0	368.3188397884369	5	12	43825	339.2592945098877
   98	27	60	7.0	TimeOut
   99	48	1003	43.0	TimeOut