ID	|V|	|E|	tw	time	evaltw	prunenum	funccallnum	evalGNNtime
    0	34	561	33.0	TimeOut
    1	29	169	16.0	0.37783026695251465	15	15	24	0.37496042251586914
    2	31	58	2.0	32.51852202415466	2	0	1477	25.951185703277588
    3	48	455	32.0	2.0164623260498047	24	24	49	1.9753427505493164
    4	41	378	23.0	1.760530710220337	21	21	44	1.703737497329712
    5	37	593	31.0	TimeOut
    6	34	154	16.0	TimeOut
    7	34	558	32.0	TimeOut
    8	37	232	18.0	0.9537646770477295	19	19	23	0.9471933841705322
    9	29	100	9.0	TimeOut
   10	13	32	5.0	48.929996728897095	4	1	5274	46.38462948799133
   11	17	42	3.0	52.23185205459595	3	0	3890	47.811567306518555
   12	29	82	10.0	TimeOut
   13	36	603	31.0	TimeOut
   14	39	290	21.0	1.0604290962219238	20	20	31	1.046332597732544
   15	46	528	22.0	TimeOut
   16	41	221	20.0	0.49205708503723145	21	21	22	0.490006685256958
   17	44	448	25.0	TimeOut
   18	25	144	14.0	0.8990340232849121	13	13	23	0.8908777236938477
   19	32	443	27.0	TimeOut
   20	16	48	6.0	299.0965025424957	5	1	42867	276.1754570007324
   21	37	399	28.0	TimeOut
   22	38	297	20.0	0.9962282180786133	19	19	36	0.9782395362854004
   23	23	222	19.0	TimeOut
   24	45	416	26.0	1.3945834636688232	23	23	41	1.3794195652008057
   25	45	486	25.0	TimeOut
   26	43	780	37.0	TimeOut
   27	48	351	26.0	1.1991260051727295	24	24	36	1.1819543838500977
   28	10	22	4.0	7.120770692825317	3	1	583	6.889779329299927
   29	44	108	13.0	TimeOut
   30	16	116	14.0	1504.414172410965	9	8	368103	1379.4779069423676
   31	40	566	33.0	TimeOut
   32	37	252	20.0	1.0495691299438477	19	19	30	1.0367505550384521
   33	17	24	3.0	29.50970983505249	3	1	2948	27.45693874359131
   34	14	47	8.0	157.4666039943695	5	5	22078	147.5046045780182
   35	13	31	5.0	45.61968445777893	4	1	5342	43.308552742004395
   36	4	4	2.0	0.23629140853881836	2	4	9	0.23517107963562012
   37	29	70	8.0	TimeOut
   38	43	290	26.0	1.0049974918365479	22	22	33	0.9916026592254639
   39	46	304	8.0	TimeOut
   40	38	93	10.0	TimeOut
   41	47	226	22.0	TimeOut
   42	12	11	1.0	0.37272167205810547	1	0	22	0.3586902618408203
   43	19	110	11.0	1.4252755641937256	10	10	44	1.334925889968872
   44	33	210	16.0	1.5267491340637207	17	17	51	1.4190759658813477
   45	12	29	5.0	21.05481481552124	3	3	2197	20.10318875312805
   46	15	33	6.0	111.50645089149475	4	1	11772	104.64978551864624
   47	39	248	8.0	TimeOut
   48	15	105	14.0	TimeOut
   49	10	19	4.0	8.090616226196289	3	1	671	7.837048053741455
   50	34	205	19.0	1.7198238372802734	17	17	41	1.6019082069396973
   51	33	394	27.0	TimeOut
   52	33	116	13.0	TimeOut
   53	16	39	4.0	31.55186676979065	3	1	2471	29.168816566467285
   54	36	299	20.0	1.3730463981628418	18	18	37	1.3526506423950195
   55	18	138	14.0	499.7901291847229	9	9	97687	448.9710967540741
   56	29	187	18.0	0.6407527923583984	15	15	27	0.6308722496032715
   57	34	208	8.0	TimeOut
   58	19	171	18.0	TimeOut
   59	38	682	34.0	TimeOut
   60	18	152	16.0	TimeOut
   61	44	809	38.0	TimeOut
   62	46	202	21.0	TimeOut
   63	43	352	24.0	1.7722373008728027	22	22	40	1.7429840564727783
   64	41	223	17.0	TimeOut
   65	39	741	38.0	TimeOut
   66	17	99	12.0	0.5997936725616455	9	9	16	0.5956709384918213
   67	18	116	13.0	2.025080442428589	9	9	64	1.8898863792419434
   68	48	157	16.0	TimeOut
   69	27	351	26.0	TimeOut
   70	36	606	32.0	TimeOut
   71	27	92	10.0	TimeOut
   72	13	23	4.0	27.01106071472168	3	1	1789	25.77285885810852
   73	12	11	1.0	0.43947935104370117	1	0	22	0.4242227077484131
   74	30	73	6.0	TimeOut
   75	39	378	20.0	TimeOut
   76	28	49	6.0	TimeOut
   77	10	17	3.0	9.17778491973877	3	1	613	8.90207314491272
   78	45	164	4.0	TimeOut
   79	47	316	26.0	1.6109437942504883	24	24	37	1.5892326831817627
   80	30	81	9.0	TimeOut
   81	43	306	9.0	TimeOut
   82	23	231	20.0	TimeOut
   83	31	220	17.0	0.7492039203643799	16	16	29	0.7427222728729248
   84	37	377	27.0	TimeOut
   85	26	74	9.0	TimeOut
   86	47	510	27.0	35.15177345275879	24	24	800	19.505202770233154
   87	14	40	4.0	82.6871030330658	4	1	7335	77.69623684883118
   88	39	741	38.0	TimeOut
   89	12	64	10.0	5.9318623542785645	6	6	436	5.701599597930908
   90	37	101	9.0	TimeOut
   91	23	72	10.0	TimeOut
   92	39	378	20.0	TimeOut
   93	18	23	3.0	175.84464859962463	3	1	15795	163.87545347213745
   94	14	65	9.0	0.5077681541442871	7	7	14	0.5047211647033691
   95	34	280	17.0	TimeOut
   96	25	150	12.0	1.5992720127105713	13	13	41	1.5017223358154297
   97	17	43	7.0	532.2257730960846	5	1	58351	489.20713090896606
   98	27	60	7.0	TimeOut
   99	48	1003	43.0	TimeOut